    0.152        0.009
    0.068        0.001
    0.076       -0.001
    0.076       -0.002
    0.080        0.000
    0.080        0.000
    0.072        0.000
    0.080        0.001
    0.080       -0.005
    0.076        0.002
    0.080        0.003
    0.076        0.000
    0.072        0.000
    0.076       -0.002
    0.080        0.000
    0.080        0.004
    0.072        0.000
    0.080        0.002
    0.080       -0.002
    0.076        0.002
    0.076        0.000
    0.080        0.000
    0.068        0.000
    0.080        0.000
    0.076        0.000
    0.093        0.000
    0.076       -0.002
    0.076       -0.001
    0.084        0.002
    0.076        0.002
    0.080       -0.001
    0.080        0.000
    0.080        0.006
    0.076        0.002
    0.089        0.000
    0.076        0.000
    0.084        0.000
    0.068        0.001
    0.076        0.001
    0.076        0.002
    0.080       -0.001
    0.080        0.001
    0.080        0.002
    0.076       -0.001
    0.076        0.001
    0.076        0.001
    0.084        0.002
    0.080        0.002
    0.080        0.002
    0.068       -0.002
    0.072        0.002
    0.084        0.002
e
